    unsorted:	 52.00000053 51.97169668 52.04357543 51.83558846 51.59265233 50.97204740 53.49946878 54.05836960 55.83225672 55.85548672 55.75348545 55.06980152 49.98241941 48.77727206 44.96490764 42.97877426 41.52873377 39.97254122 24.54545412 77.78607382 12.03036392 2243.597538 3104.613603 15512.27146 69201.72300 146269.4855 353158.3937 725987.9479
      sorted:	 12.03036392 24.54545412 39.97254122 41.52873377 42.97877426 44.96490764 48.77727206 49.98241941 50.97204740 51.59265233 51.83558846 51.97169668 52.00000053 52.04357543 53.49946878 54.05836960 55.06980152 55.75348545 55.83225672 55.85548672 77.78607382 2243.597538 3104.613603 15512.27146 69201.72300 146269.4855 353158.3937 725987.9479
