    unsorted:	 52.00000372 51.97170014 52.04357477 51.83558664 51.59265087 50.97204998 53.49946738 54.05836879 55.83225535 55.85548653 55.75348395 55.06979964 49.98241909 48.77727224 44.96490745 42.97877493 41.52873113 39.97254085 24.54545509 77.78607506 12.03036424 2243.597537 3104.613526 15512.27121 69201.72084 146269.4838 353158.3899 725987.9424
      sorted:	 12.03036424 24.54545509 39.97254085 41.52873113 42.97877493 44.96490745 48.77727224 49.98241909 50.97204998 51.59265087 51.83558664 51.97170014 52.00000372 52.04357477 53.49946738 54.05836879 55.06979964 55.75348395 55.83225535 55.85548653 77.78607506 2243.597537 3104.613526 15512.27121 69201.72084 146269.4838 353158.3899 725987.9424
